[]
[90]
[91]
[92]
[93]
[94]
[95]
[96]
[97]
[98]
[99]
[90, 91]
[90, 92]
[90, 93]
[91, 92]
[90, 94]
[91, 93]
[90, 95]
[91, 94]
[92, 93]
[90, 96]
[91, 95]
[92, 94]
[90, 97]
[91, 96]
[92, 95]
[93, 94]
[90, 98]
[91, 97]
[92, 96]
[93, 95]
[90, 99]
[91, 98]
[92, 97]
[93, 96]
[94, 95]
[91, 99]
[92, 98]
[93, 97]
[94, 96]
[92, 99]
[93, 98]
[94, 97]
[95, 96]
[93, 99]
[94, 98]
[95, 97]
[94, 99]
[95, 98]
[96, 97]
[95, 99]
[96, 98]
[96, 99]
[97, 98]
[97, 99]
[98, 99]
[90, 91, 92]
[90, 91, 93]
[90, 91, 94]
[90, 92, 93]
[90, 91, 95]
[90, 92, 94]
[91, 92, 93]
[90, 91, 96]
[90, 92, 95]
[90, 93, 94]
[91, 92, 94]
[90, 91, 97]
[90, 92, 96]
[90, 93, 95]
[91, 92, 95]
[91, 93, 94]
[90, 91, 98]
[90, 92, 97]
[90, 93, 96]
[90, 94, 95]
[91, 92, 96]
[91, 93, 95]
[92, 93, 94]
[90, 91, 99]
[90, 92, 98]
[90, 93, 97]
[90, 94, 96]
[91, 92, 97]
[91, 93, 96]
[91, 94, 95]
[92, 93, 95]
[90, 92, 99]
[90, 93, 98]
[90, 94, 97]
[90, 95, 96]
[91, 92, 98]
[91, 93, 97]
[91, 94, 96]
[92, 93, 96]
[92, 94, 95]
[90, 93, 99]
[90, 94, 98]
[90, 95, 97]
[91, 92, 99]
[91, 93, 98]
[91, 94, 97]
[91, 95, 96]
[92, 93, 97]
[92, 94, 96]
[93, 94, 95]
[90, 94, 99]
[90, 95, 98]
[90, 96, 97]
[91, 93, 99]
[91, 94, 98]
[91, 95, 97]
[92, 93, 98]
[92, 94, 97]
[92, 95, 96]
[93, 94, 96]
[90, 95, 99]
[90, 96, 98]
[91, 94, 99]
[91, 95, 98]
[91, 96, 97]
[92, 93, 99]
[92, 94, 98]
[92, 95, 97]
[93, 94, 97]
[93, 95, 96]
[90, 96, 99]
[90, 97, 98]
[91, 95, 99]
[91, 96, 98]
[92, 94, 99]
[92, 95, 98]
[92, 96, 97]
[93, 94, 98]
[93, 95, 97]
[94, 95, 96]
[90, 97, 99]
[91, 96, 99]
[91, 97, 98]
[92, 95, 99]
[92, 96, 98]
[93, 94, 99]
[93, 95, 98]
[93, 96, 97]
[94, 95, 97]
[90, 98, 99]
[91, 97, 99]
[92, 96, 99]
[92, 97, 98]
[93, 95, 99]
[93, 96, 98]
[94, 95, 98]
[94, 96, 97]
[91, 98, 99]
[92, 97, 99]
[93, 96, 99]
[93, 97, 98]
[94, 95, 99]
[94, 96, 98]
[95, 96, 97]
[92, 98, 99]
[93, 97, 99]
[94, 96, 99]
[94, 97, 98]
[95, 96, 98]
[93, 98, 99]
[94, 97, 99]
[95, 96, 99]
[95, 97, 98]
[94, 98, 99]
[95, 97, 99]
[96, 97, 98]
[95, 98, 99]
[96, 97, 99]
[96, 98, 99]
[97, 98, 99]
[90, 91, 92, 93]
[90, 91, 92, 94]
[90, 91, 92, 95]
[90, 91, 93, 94]
[90, 91, 92, 96]
[90, 91, 93, 95]
[90, 92, 93, 94]
[90, 91, 92, 97]
[90, 91, 93, 96]
[90, 91, 94, 95]
[90, 92, 93, 95]
[91, 92, 93, 94]
[90, 91, 92, 98]
[90, 91, 93, 97]
[90, 91, 94, 96]
[90, 92, 93, 96]
[90, 92, 94, 95]
[91, 92, 93, 95]
[90, 91, 92, 99]
[90, 91, 93, 98]
[90, 91, 94, 97]
[90, 91, 95, 96]
[90, 92, 93, 97]
[90, 92, 94, 96]
[90, 93, 94, 95]
[91, 92, 93, 96]
[91, 92, 94, 95]
[90, 91, 93, 99]
[90, 91, 94, 98]
[90, 91, 95, 97]
[90, 92, 93, 98]
[90, 92, 94, 97]
[90, 92, 95, 96]
[90, 93, 94, 96]
[91, 92, 93, 97]
[91, 92, 94, 96]
[91, 93, 94, 95]
[90, 91, 94, 99]
[90, 91, 95, 98]
[90, 91, 96, 97]
[90, 92, 93, 99]
[90, 92, 94, 98]
[90, 92, 95, 97]
[90, 93, 94, 97]
[90, 93, 95, 96]
[91, 92, 93, 98]
[91, 92, 94, 97]
[91, 92, 95, 96]
[91, 93, 94, 96]
[92, 93, 94, 95]
[90, 91, 95, 99]
[90, 91, 96, 98]
[90, 92, 94, 99]
[90, 92, 95, 98]
[90, 92, 96, 97]
[90, 93, 94, 98]
[90, 93, 95, 97]
[90, 94, 95, 96]
[91, 92, 93, 99]
[91, 92, 94, 98]
[91, 92, 95, 97]
[91, 93, 94, 97]
[91, 93, 95, 96]
[92, 93, 94, 96]
[90, 91, 96, 99]
[90, 91, 97, 98]
[90, 92, 95, 99]
[90, 92, 96, 98]
[90, 93, 94, 99]
[90, 93, 95, 98]
[90, 93, 96, 97]
[90, 94, 95, 97]
[91, 92, 94, 99]
[91, 92, 95, 98]
[91, 92, 96, 97]
[91, 93, 94, 98]
[91, 93, 95, 97]
[91, 94, 95, 96]
[92, 93, 94, 97]
[92, 93, 95, 96]
[90, 91, 97, 99]
[90, 92, 96, 99]
[90, 92, 97, 98]
[90, 93, 95, 99]
[90, 93, 96, 98]
[90, 94, 95, 98]
[90, 94, 96, 97]
[91, 92, 95, 99]
[91, 92, 96, 98]
[91, 93, 94, 99]
[91, 93, 95, 98]
[91, 93, 96, 97]
[91, 94, 95, 97]
[92, 93, 94, 98]
[92, 93, 95, 97]
[92, 94, 95, 96]
[90, 91, 98, 99]
[90, 92, 97, 99]
[90, 93, 96, 99]
[90, 93, 97, 98]
[90, 94, 95, 99]
[90, 94, 96, 98]
[90, 95, 96, 97]
[91, 92, 96, 99]
[91, 92, 97, 98]
[91, 93, 95, 99]
[91, 93, 96, 98]
[91, 94, 95, 98]
[91, 94, 96, 97]
[92, 93, 94, 99]
[92, 93, 95, 98]
[92, 93, 96, 97]
[92, 94, 95, 97]
[93, 94, 95, 96]
[90, 92, 98, 99]
[90, 93, 97, 99]
[90, 94, 96, 99]
[90, 94, 97, 98]
[90, 95, 96, 98]
[91, 92, 97, 99]
[91, 93, 96, 99]
[91, 93, 97, 98]
[91, 94, 95, 99]
[91, 94, 96, 98]
[91, 95, 96, 97]
[92, 93, 95, 99]
[92, 93, 96, 98]
[92, 94, 95, 98]
[92, 94, 96, 97]
[93, 94, 95, 97]
[90, 93, 98, 99]
[90, 94, 97, 99]
[90, 95, 96, 99]
[90, 95, 97, 98]
[91, 92, 98, 99]
[91, 93, 97, 99]
[91, 94, 96, 99]
[91, 94, 97, 98]
[91, 95, 96, 98]
[92, 93, 96, 99]
[92, 93, 97, 98]
[92, 94, 95, 99]
[92, 94, 96, 98]
[92, 95, 96, 97]
[93, 94, 95, 98]
[93, 94, 96, 97]
[90, 94, 98, 99]
[90, 95, 97, 99]
[90, 96, 97, 98]
[91, 93, 98, 99]
[91, 94, 97, 99]
[91, 95, 96, 99]
[91, 95, 97, 98]
[92, 93, 97, 99]
[92, 94, 96, 99]
[92, 94, 97, 98]
[92, 95, 96, 98]
[93, 94, 95, 99]
[93, 94, 96, 98]
[93, 95, 96, 97]
[90, 95, 98, 99]
[90, 96, 97, 99]
[91, 94, 98, 99]
[91, 95, 97, 99]
[91, 96, 97, 98]
[92, 93, 98, 99]
[92, 94, 97, 99]
[92, 95, 96, 99]
[92, 95, 97, 98]
[93, 94, 96, 99]
[93, 94, 97, 98]
[93, 95, 96, 98]
[94, 95, 96, 97]
[90, 96, 98, 99]
[91, 95, 98, 99]
[91, 96, 97, 99]
[92, 94, 98, 99]
[92, 95, 97, 99]
[92, 96, 97, 98]
[93, 94, 97, 99]
[93, 95, 96, 99]
[93, 95, 97, 98]
[94, 95, 96, 98]
[90, 97, 98, 99]
[91, 96, 98, 99]
[92, 95, 98, 99]
[92, 96, 97, 99]
[93, 94, 98, 99]
[93, 95, 97, 99]
[93, 96, 97, 98]
[94, 95, 96, 99]
[94, 95, 97, 98]
[91, 97, 98, 99]
[92, 96, 98, 99]
[93, 95, 98, 99]
[93, 96, 97, 99]
[94, 95, 97, 99]
[94, 96, 97, 98]
[92, 97, 98, 99]
[93, 96, 98, 99]
[94, 95, 98, 99]
[94, 96, 97, 99]
[95, 96, 97, 98]
[93, 97, 98, 99]
[94, 96, 98, 99]
[95, 96, 97, 99]
[94, 97, 98, 99]
[95, 96, 98, 99]
[95, 97, 98, 99]
[96, 97, 98, 99]
[90, 91, 92, 93, 94]
[90, 91, 92, 93, 95]
[90, 91, 92, 93, 96]
[90, 91, 92, 94, 95]
[90, 91, 92, 93, 97]
[90, 91, 92, 94, 96]
[90, 91, 93, 94, 95]
[90, 91, 92, 93, 98]
[90, 91, 92, 94, 97]
[90, 91, 92, 95, 96]
[90, 91, 93, 94, 96]
[90, 92, 93, 94, 95]
[90, 91, 92, 93, 99]
[90, 91, 92, 94, 98]
[90, 91, 92, 95, 97]
[90, 91, 93, 94, 97]
[90, 91, 93, 95, 96]
[90, 92, 93, 94, 96]
[91, 92, 93, 94, 95]
[90, 91, 92, 94, 99]
[90, 91, 92, 95, 98]
[90, 91, 92, 96, 97]
[90, 91, 93, 94, 98]
[90, 91, 93, 95, 97]
[90, 91, 94, 95, 96]
[90, 92, 93, 94, 97]
[90, 92, 93, 95, 96]
[91, 92, 93, 94, 96]
[90, 91, 92, 95, 99]
[90, 91, 92, 96, 98]
[90, 91, 93, 94, 99]
[90, 91, 93, 95, 98]
[90, 91, 93, 96, 97]
[90, 91, 94, 95, 97]
[90, 92, 93, 94, 98]
[90, 92, 93, 95, 97]
[90, 92, 94, 95, 96]
[91, 92, 93, 94, 97]
[91, 92, 93, 95, 96]
[90, 91, 92, 96, 99]
[90, 91, 92, 97, 98]
[90, 91, 93, 95, 99]
[90, 91, 93, 96, 98]
[90, 91, 94, 95, 98]
[90, 91, 94, 96, 97]
[90, 92, 93, 94, 99]
[90, 92, 93, 95, 98]
[90, 92, 93, 96, 97]
[90, 92, 94, 95, 97]
[90, 93, 94, 95, 96]
[91, 92, 93, 94, 98]
[91, 92, 93, 95, 97]
[91, 92, 94, 95, 96]
[90, 91, 92, 97, 99]
[90, 91, 93, 96, 99]
[90, 91, 93, 97, 98]
[90, 91, 94, 95, 99]
[90, 91, 94, 96, 98]
[90, 91, 95, 96, 97]
[90, 92, 93, 95, 99]
[90, 92, 93, 96, 98]
[90, 92, 94, 95, 98]
[90, 92, 94, 96, 97]
[90, 93, 94, 95, 97]
[91, 92, 93, 94, 99]
[91, 92, 93, 95, 98]
[91, 92, 93, 96, 97]
[91, 92, 94, 95, 97]
[91, 93, 94, 95, 96]
[90, 91, 92, 98, 99]
[90, 91, 93, 97, 99]
[90, 91, 94, 96, 99]
[90, 91, 94, 97, 98]
[90, 91, 95, 96, 98]
[90, 92, 93, 96, 99]
[90, 92, 93, 97, 98]
[90, 92, 94, 95, 99]
[90, 92, 94, 96, 98]
[90, 92, 95, 96, 97]
[90, 93, 94, 95, 98]
[90, 93, 94, 96, 97]
[91, 92, 93, 95, 99]
[91, 92, 93, 96, 98]
[91, 92, 94, 95, 98]
[91, 92, 94, 96, 97]
[91, 93, 94, 95, 97]
[92, 93, 94, 95, 96]
[90, 91, 93, 98, 99]
[90, 91, 94, 97, 99]
[90, 91, 95, 96, 99]
[90, 91, 95, 97, 98]
[90, 92, 93, 97, 99]
[90, 92, 94, 96, 99]
[90, 92, 94, 97, 98]
[90, 92, 95, 96, 98]
[90, 93, 94, 95, 99]
[90, 93, 94, 96, 98]
[90, 93, 95, 96, 97]
[91, 92, 93, 96, 99]
[91, 92, 93, 97, 98]
[91, 92, 94, 95, 99]
[91, 92, 94, 96, 98]
[91, 92, 95, 96, 97]
[91, 93, 94, 95, 98]
[91, 93, 94, 96, 97]
[92, 93, 94, 95, 97]
[90, 91, 94, 98, 99]
[90, 91, 95, 97, 99]
[90, 91, 96, 97, 98]
[90, 92, 93, 98, 99]
[90, 92, 94, 97, 99]
[90, 92, 95, 96, 99]
[90, 92, 95, 97, 98]
[90, 93, 94, 96, 99]
[90, 93, 94, 97, 98]
[90, 93, 95, 96, 98]
[90, 94, 95, 96, 97]
[91, 92, 93, 97, 99]
[91, 92, 94, 96, 99]
[91, 92, 94, 97, 98]
[91, 92, 95, 96, 98]
[91, 93, 94, 95, 99]
[91, 93, 94, 96, 98]
[91, 93, 95, 96, 97]
[92, 93, 94, 95, 98]
[92, 93, 94, 96, 97]
[90, 91, 95, 98, 99]
[90, 91, 96, 97, 99]
[90, 92, 94, 98, 99]
[90, 92, 95, 97, 99]
[90, 92, 96, 97, 98]
[90, 93, 94, 97, 99]
[90, 93, 95, 96, 99]
[90, 93, 95, 97, 98]
[90, 94, 95, 96, 98]
[91, 92, 93, 98, 99]
[91, 92, 94, 97, 99]
[91, 92, 95, 96, 99]
[91, 92, 95, 97, 98]
[91, 93, 94, 96, 99]
[91, 93, 94, 97, 98]
[91, 93, 95, 96, 98]
[91, 94, 95, 96, 97]
[92, 93, 94, 95, 99]
[92, 93, 94, 96, 98]
[92, 93, 95, 96, 97]
[90, 91, 96, 98, 99]
[90, 92, 95, 98, 99]
[90, 92, 96, 97, 99]
[90, 93, 94, 98, 99]
[90, 93, 95, 97, 99]
[90, 93, 96, 97, 98]
[90, 94, 95, 96, 99]
[90, 94, 95, 97, 98]
[91, 92, 94, 98, 99]
[91, 92, 95, 97, 99]
[91, 92, 96, 97, 98]
[91, 93, 94, 97, 99]
[91, 93, 95, 96, 99]
[91, 93, 95, 97, 98]
[91, 94, 95, 96, 98]
[92, 93, 94, 96, 99]
[92, 93, 94, 97, 98]
[92, 93, 95, 96, 98]
[92, 94, 95, 96, 97]
[90, 91, 97, 98, 99]
[90, 92, 96, 98, 99]
[90, 93, 95, 98, 99]
[90, 93, 96, 97, 99]
[90, 94, 95, 97, 99]
[90, 94, 96, 97, 98]
[91, 92, 95, 98, 99]
[91, 92, 96, 97, 99]
[91, 93, 94, 98, 99]
[91, 93, 95, 97, 99]
[91, 93, 96, 97, 98]
[91, 94, 95, 96, 99]
[91, 94, 95, 97, 98]
[92, 93, 94, 97, 99]
[92, 93, 95, 96, 99]
[92, 93, 95, 97, 98]
[92, 94, 95, 96, 98]
[93, 94, 95, 96, 97]
[90, 92, 97, 98, 99]
[90, 93, 96, 98, 99]
[90, 94, 95, 98, 99]
[90, 94, 96, 97, 99]
[90, 95, 96, 97, 98]
[91, 92, 96, 98, 99]
[91, 93, 95, 98, 99]
[91, 93, 96, 97, 99]
[91, 94, 95, 97, 99]
[91, 94, 96, 97, 98]
[92, 93, 94, 98, 99]
[92, 93, 95, 97, 99]
[92, 93, 96, 97, 98]
[92, 94, 95, 96, 99]
[92, 94, 95, 97, 98]
[93, 94, 95, 96, 98]
[90, 93, 97, 98, 99]
[90, 94, 96, 98, 99]
[90, 95, 96, 97, 99]
[91, 92, 97, 98, 99]
[91, 93, 96, 98, 99]
[91, 94, 95, 98, 99]
[91, 94, 96, 97, 99]
[91, 95, 96, 97, 98]
[92, 93, 95, 98, 99]
[92, 93, 96, 97, 99]
[92, 94, 95, 97, 99]
[92, 94, 96, 97, 98]
[93, 94, 95, 96, 99]
[93, 94, 95, 97, 98]
[90, 94, 97, 98, 99]
[90, 95, 96, 98, 99]
[91, 93, 97, 98, 99]
[91, 94, 96, 98, 99]
[91, 95, 96, 97, 99]
[92, 93, 96, 98, 99]
[92, 94, 95, 98, 99]
[92, 94, 96, 97, 99]
[92, 95, 96, 97, 98]
[93, 94, 95, 97, 99]
[93, 94, 96, 97, 98]
[90, 95, 97, 98, 99]
[91, 94, 97, 98, 99]
[91, 95, 96, 98, 99]
[92, 93, 97, 98, 99]
[92, 94, 96, 98, 99]
[92, 95, 96, 97, 99]
[93, 94, 95, 98, 99]
[93, 94, 96, 97, 99]
[93, 95, 96, 97, 98]
[90, 96, 97, 98, 99]
[91, 95, 97, 98, 99]
[92, 94, 97, 98, 99]
[92, 95, 96, 98, 99]
[93, 94, 96, 98, 99]
[93, 95, 96, 97, 99]
[94, 95, 96, 97, 98]
[91, 96, 97, 98, 99]
[92, 95, 97, 98, 99]
[93, 94, 97, 98, 99]
[93, 95, 96, 98, 99]
[94, 95, 96, 97, 99]
[92, 96, 97, 98, 99]
[93, 95, 97, 98, 99]
[94, 95, 96, 98, 99]
[93, 96, 97, 98, 99]
[94, 95, 97, 98, 99]
[94, 96, 97, 98, 99]
[95, 96, 97, 98, 99]
[90, 91, 92, 93, 94, 95]
[90, 91, 92, 93, 94, 96]
[90, 91, 92, 93, 94, 97]
[90, 91, 92, 93, 95, 96]
[90, 91, 92, 93, 94, 98]
[90, 91, 92, 93, 95, 97]
[90, 91, 92, 94, 95, 96]
[90, 91, 92, 93, 94, 99]
[90, 91, 92, 93, 95, 98]
[90, 91, 92, 93, 96, 97]
[90, 91, 92, 94, 95, 97]
[90, 91, 93, 94, 95, 96]
[90, 91, 92, 93, 95, 99]
[90, 91, 92, 93, 96, 98]
[90, 91, 92, 94, 95, 98]
[90, 91, 92, 94, 96, 97]
[90, 91, 93, 94, 95, 97]
[90, 92, 93, 94, 95, 96]
[90, 91, 92, 93, 96, 99]
[90, 91, 92, 93, 97, 98]
[90, 91, 92, 94, 95, 99]
[90, 91, 92, 94, 96, 98]
[90, 91, 92, 95, 96, 97]
[90, 91, 93, 94, 95, 98]
[90, 91, 93, 94, 96, 97]
[90, 92, 93, 94, 95, 97]
[91, 92, 93, 94, 95, 96]
[90, 91, 92, 93, 97, 99]
[90, 91, 92, 94, 96, 99]
[90, 91, 92, 94, 97, 98]
[90, 91, 92, 95, 96, 98]
[90, 91, 93, 94, 95, 99]
[90, 91, 93, 94, 96, 98]
[90, 91, 93, 95, 96, 97]
[90, 92, 93, 94, 95, 98]
[90, 92, 93, 94, 96, 97]
[91, 92, 93, 94, 95, 97]
[90, 91, 92, 93, 98, 99]
[90, 91, 92, 94, 97, 99]
[90, 91, 92, 95, 96, 99]
[90, 91, 92, 95, 97, 98]
[90, 91, 93, 94, 96, 99]
[90, 91, 93, 94, 97, 98]
[90, 91, 93, 95, 96, 98]
[90, 91, 94, 95, 96, 97]
[90, 92, 93, 94, 95, 99]
[90, 92, 93, 94, 96, 98]
[90, 92, 93, 95, 96, 97]
[91, 92, 93, 94, 95, 98]
[91, 92, 93, 94, 96, 97]
[90, 91, 92, 94, 98, 99]
[90, 91, 92, 95, 97, 99]
[90, 91, 92, 96, 97, 98]
[90, 91, 93, 94, 97, 99]
[90, 91, 93, 95, 96, 99]
[90, 91, 93, 95, 97, 98]
[90, 91, 94, 95, 96, 98]
[90, 92, 93, 94, 96, 99]
[90, 92, 93, 94, 97, 98]
[90, 92, 93, 95, 96, 98]
[90, 92, 94, 95, 96, 97]
[91, 92, 93, 94, 95, 99]
[91, 92, 93, 94, 96, 98]
[91, 92, 93, 95, 96, 97]
[90, 91, 92, 95, 98, 99]
[90, 91, 92, 96, 97, 99]
[90, 91, 93, 94, 98, 99]
[90, 91, 93, 95, 97, 99]
[90, 91, 93, 96, 97, 98]
[90, 91, 94, 95, 96, 99]
[90, 91, 94, 95, 97, 98]
[90, 92, 93, 94, 97, 99]
[90, 92, 93, 95, 96, 99]
[90, 92, 93, 95, 97, 98]
[90, 92, 94, 95, 96, 98]
[90, 93, 94, 95, 96, 97]
[91, 92, 93, 94, 96, 99]
[91, 92, 93, 94, 97, 98]
[91, 92, 93, 95, 96, 98]
[91, 92, 94, 95, 96, 97]
[90, 91, 92, 96, 98, 99]
[90, 91, 93, 95, 98, 99]
[90, 91, 93, 96, 97, 99]
[90, 91, 94, 95, 97, 99]
[90, 91, 94, 96, 97, 98]
[90, 92, 93, 94, 98, 99]
[90, 92, 93, 95, 97, 99]
[90, 92, 93, 96, 97, 98]
[90, 92, 94, 95, 96, 99]
[90, 92, 94, 95, 97, 98]
[90, 93, 94, 95, 96, 98]
[91, 92, 93, 94, 97, 99]
[91, 92, 93, 95, 96, 99]
[91, 92, 93, 95, 97, 98]
[91, 92, 94, 95, 96, 98]
[91, 93, 94, 95, 96, 97]
[90, 91, 92, 97, 98, 99]
[90, 91, 93, 96, 98, 99]
[90, 91, 94, 95, 98, 99]
[90, 91, 94, 96, 97, 99]
[90, 91, 95, 96, 97, 98]
[90, 92, 93, 95, 98, 99]
[90, 92, 93, 96, 97, 99]
[90, 92, 94, 95, 97, 99]
[90, 92, 94, 96, 97, 98]
[90, 93, 94, 95, 96, 99]
[90, 93, 94, 95, 97, 98]
[91, 92, 93, 94, 98, 99]
[91, 92, 93, 95, 97, 99]
[91, 92, 93, 96, 97, 98]
[91, 92, 94, 95, 96, 99]
[91, 92, 94, 95, 97, 98]
[91, 93, 94, 95, 96, 98]
[92, 93, 94, 95, 96, 97]
[90, 91, 93, 97, 98, 99]
[90, 91, 94, 96, 98, 99]
[90, 91, 95, 96, 97, 99]
[90, 92, 93, 96, 98, 99]
[90, 92, 94, 95, 98, 99]
[90, 92, 94, 96, 97, 99]
[90, 92, 95, 96, 97, 98]
[90, 93, 94, 95, 97, 99]
[90, 93, 94, 96, 97, 98]
[91, 92, 93, 95, 98, 99]
[91, 92, 93, 96, 97, 99]
[91, 92, 94, 95, 97, 99]
[91, 92, 94, 96, 97, 98]
[91, 93, 94, 95, 96, 99]
[91, 93, 94, 95, 97, 98]
[92, 93, 94, 95, 96, 98]
[90, 91, 94, 97, 98, 99]
[90, 91, 95, 96, 98, 99]
[90, 92, 93, 97, 98, 99]
[90, 92, 94, 96, 98, 99]
[90, 92, 95, 96, 97, 99]
[90, 93, 94, 95, 98, 99]
[90, 93, 94, 96, 97, 99]
[90, 93, 95, 96, 97, 98]
[91, 92, 93, 96, 98, 99]
[91, 92, 94, 95, 98, 99]
[91, 92, 94, 96, 97, 99]
[91, 92, 95, 96, 97, 98]
[91, 93, 94, 95, 97, 99]
[91, 93, 94, 96, 97, 98]
[92, 93, 94, 95, 96, 99]
[92, 93, 94, 95, 97, 98]
[90, 91, 95, 97, 98, 99]
[90, 92, 94, 97, 98, 99]
[90, 92, 95, 96, 98, 99]
[90, 93, 94, 96, 98, 99]
[90, 93, 95, 96, 97, 99]
[90, 94, 95, 96, 97, 98]
[91, 92, 93, 97, 98, 99]
[91, 92, 94, 96, 98, 99]
[91, 92, 95, 96, 97, 99]
[91, 93, 94, 95, 98, 99]
[91, 93, 94, 96, 97, 99]
[91, 93, 95, 96, 97, 98]
[92, 93, 94, 95, 97, 99]
[92, 93, 94, 96, 97, 98]
[90, 91, 96, 97, 98, 99]
[90, 92, 95, 97, 98, 99]
[90, 93, 94, 97, 98, 99]
[90, 93, 95, 96, 98, 99]
[90, 94, 95, 96, 97, 99]
[91, 92, 94, 97, 98, 99]
[91, 92, 95, 96, 98, 99]
[91, 93, 94, 96, 98, 99]
[91, 93, 95, 96, 97, 99]
[91, 94, 95, 96, 97, 98]
[92, 93, 94, 95, 98, 99]
[92, 93, 94, 96, 97, 99]
[92, 93, 95, 96, 97, 98]
[90, 92, 96, 97, 98, 99]
[90, 93, 95, 97, 98, 99]
[90, 94, 95, 96, 98, 99]
[91, 92, 95, 97, 98, 99]
[91, 93, 94, 97, 98, 99]
[91, 93, 95, 96, 98, 99]
[91, 94, 95, 96, 97, 99]
[92, 93, 94, 96, 98, 99]
[92, 93, 95, 96, 97, 99]
[92, 94, 95, 96, 97, 98]
[90, 93, 96, 97, 98, 99]
[90, 94, 95, 97, 98, 99]
[91, 92, 96, 97, 98, 99]
[91, 93, 95, 97, 98, 99]
[91, 94, 95, 96, 98, 99]
[92, 93, 94, 97, 98, 99]
[92, 93, 95, 96, 98, 99]
[92, 94, 95, 96, 97, 99]
[93, 94, 95, 96, 97, 98]
[90, 94, 96, 97, 98, 99]
[91, 93, 96, 97, 98, 99]
[91, 94, 95, 97, 98, 99]
[92, 93, 95, 97, 98, 99]
[92, 94, 95, 96, 98, 99]
[93, 94, 95, 96, 97, 99]
[90, 95, 96, 97, 98, 99]
[91, 94, 96, 97, 98, 99]
[92, 93, 96, 97, 98, 99]
[92, 94, 95, 97, 98, 99]
[93, 94, 95, 96, 98, 99]
[91, 95, 96, 97, 98, 99]
[92, 94, 96, 97, 98, 99]
[93, 94, 95, 97, 98, 99]
[92, 95, 96, 97, 98, 99]
[93, 94, 96, 97, 98, 99]
[93, 95, 96, 97, 98, 99]
[94, 95, 96, 97, 98, 99]
[90, 91, 92, 93, 94, 95, 96]
[90, 91, 92, 93, 94, 95, 97]
[90, 91, 92, 93, 94, 95, 98]
[90, 91, 92, 93, 94, 96, 97]
[90, 91, 92, 93, 94, 95, 99]
[90, 91, 92, 93, 94, 96, 98]
[90, 91, 92, 93, 95, 96, 97]
[90, 91, 92, 93, 94, 96, 99]
[90, 91, 92, 93, 94, 97, 98]
[90, 91, 92, 93, 95, 96, 98]
[90, 91, 92, 94, 95, 96, 97]
[90, 91, 92, 93, 94, 97, 99]
[90, 91, 92, 93, 95, 96, 99]
[90, 91, 92, 93, 95, 97, 98]
[90, 91, 92, 94, 95, 96, 98]
[90, 91, 93, 94, 95, 96, 97]
[90, 91, 92, 93, 94, 98, 99]
[90, 91, 92, 93, 95, 97, 99]
[90, 91, 92, 93, 96, 97, 98]
[90, 91, 92, 94, 95, 96, 99]
[90, 91, 92, 94, 95, 97, 98]
[90, 91, 93, 94, 95, 96, 98]
[90, 92, 93, 94, 95, 96, 97]
[90, 91, 92, 93, 95, 98, 99]
[90, 91, 92, 93, 96, 97, 99]
[90, 91, 92, 94, 95, 97, 99]
[90, 91, 92, 94, 96, 97, 98]
[90, 91, 93, 94, 95, 96, 99]
[90, 91, 93, 94, 95, 97, 98]
[90, 92, 93, 94, 95, 96, 98]
[91, 92, 93, 94, 95, 96, 97]
[90, 91, 92, 93, 96, 98, 99]
[90, 91, 92, 94, 95, 98, 99]
[90, 91, 92, 94, 96, 97, 99]
[90, 91, 92, 95, 96, 97, 98]
[90, 91, 93, 94, 95, 97, 99]
[90, 91, 93, 94, 96, 97, 98]
[90, 92, 93, 94, 95, 96, 99]
[90, 92, 93, 94, 95, 97, 98]
[91, 92, 93, 94, 95, 96, 98]
[90, 91, 92, 93, 97, 98, 99]
[90, 91, 92, 94, 96, 98, 99]
[90, 91, 92, 95, 96, 97, 99]
[90, 91, 93, 94, 95, 98, 99]
[90, 91, 93, 94, 96, 97, 99]
[90, 91, 93, 95, 96, 97, 98]
[90, 92, 93, 94, 95, 97, 99]
[90, 92, 93, 94, 96, 97, 98]
[91, 92, 93, 94, 95, 96, 99]
[91, 92, 93, 94, 95, 97, 98]
[90, 91, 92, 94, 97, 98, 99]
[90, 91, 92, 95, 96, 98, 99]
[90, 91, 93, 94, 96, 98, 99]
[90, 91, 93, 95, 96, 97, 99]
[90, 91, 94, 95, 96, 97, 98]
[90, 92, 93, 94, 95, 98, 99]
[90, 92, 93, 94, 96, 97, 99]
[90, 92, 93, 95, 96, 97, 98]
[91, 92, 93, 94, 95, 97, 99]
[91, 92, 93, 94, 96, 97, 98]
[90, 91, 92, 95, 97, 98, 99]
[90, 91, 93, 94, 97, 98, 99]
[90, 91, 93, 95, 96, 98, 99]
[90, 91, 94, 95, 96, 97, 99]
[90, 92, 93, 94, 96, 98, 99]
[90, 92, 93, 95, 96, 97, 99]
[90, 92, 94, 95, 96, 97, 98]
[91, 92, 93, 94, 95, 98, 99]
[91, 92, 93, 94, 96, 97, 99]
[91, 92, 93, 95, 96, 97, 98]
[90, 91, 92, 96, 97, 98, 99]
[90, 91, 93, 95, 97, 98, 99]
[90, 91, 94, 95, 96, 98, 99]
[90, 92, 93, 94, 97, 98, 99]
[90, 92, 93, 95, 96, 98, 99]
[90, 92, 94, 95, 96, 97, 99]
[90, 93, 94, 95, 96, 97, 98]
[91, 92, 93, 94, 96, 98, 99]
[91, 92, 93, 95, 96, 97, 99]
[91, 92, 94, 95, 96, 97, 98]
[90, 91, 93, 96, 97, 98, 99]
[90, 91, 94, 95, 97, 98, 99]
[90, 92, 93, 95, 97, 98, 99]
[90, 92, 94, 95, 96, 98, 99]
[90, 93, 94, 95, 96, 97, 99]
[91, 92, 93, 94, 97, 98, 99]
[91, 92, 93, 95, 96, 98, 99]
[91, 92, 94, 95, 96, 97, 99]
[91, 93, 94, 95, 96, 97, 98]
[90, 91, 94, 96, 97, 98, 99]
[90, 92, 93, 96, 97, 98, 99]
[90, 92, 94, 95, 97, 98, 99]
[90, 93, 94, 95, 96, 98, 99]
[91, 92, 93, 95, 97, 98, 99]
[91, 92, 94, 95, 96, 98, 99]
[91, 93, 94, 95, 96, 97, 99]
[92, 93, 94, 95, 96, 97, 98]
[90, 91, 95, 96, 97, 98, 99]
[90, 92, 94, 96, 97, 98, 99]
[90, 93, 94, 95, 97, 98, 99]
[91, 92, 93, 96, 97, 98, 99]
[91, 92, 94, 95, 97, 98, 99]
[91, 93, 94, 95, 96, 98, 99]
[92, 93, 94, 95, 96, 97, 99]
[90, 92, 95, 96, 97, 98, 99]
[90, 93, 94, 96, 97, 98, 99]
[91, 92, 94, 96, 97, 98, 99]
[91, 93, 94, 95, 97, 98, 99]
[92, 93, 94, 95, 96, 98, 99]
[90, 93, 95, 96, 97, 98, 99]
[91, 92, 95, 96, 97, 98, 99]
[91, 93, 94, 96, 97, 98, 99]
[92, 93, 94, 95, 97, 98, 99]
[90, 94, 95, 96, 97, 98, 99]
[91, 93, 95, 96, 97, 98, 99]
[92, 93, 94, 96, 97, 98, 99]
[91, 94, 95, 96, 97, 98, 99]
[92, 93, 95, 96, 97, 98, 99]
[92, 94, 95, 96, 97, 98, 99]
[93, 94, 95, 96, 97, 98, 99]
[90, 91, 92, 93, 94, 95, 96, 97]
[90, 91, 92, 93, 94, 95, 96, 98]
[90, 91, 92, 93, 94, 95, 96, 99]
[90, 91, 92, 93, 94, 95, 97, 98]
[90, 91, 92, 93, 94, 95, 97, 99]
[90, 91, 92, 93, 94, 96, 97, 98]
[90, 91, 92, 93, 94, 95, 98, 99]
[90, 91, 92, 93, 94, 96, 97, 99]
[90, 91, 92, 93, 95, 96, 97, 98]
[90, 91, 92, 93, 94, 96, 98, 99]
[90, 91, 92, 93, 95, 96, 97, 99]
[90, 91, 92, 94, 95, 96, 97, 98]
[90, 91, 92, 93, 94, 97, 98, 99]
[90, 91, 92, 93, 95, 96, 98, 99]
[90, 91, 92, 94, 95, 96, 97, 99]
[90, 91, 93, 94, 95, 96, 97, 98]
[90, 91, 92, 93, 95, 97, 98, 99]
[90, 91, 92, 94, 95, 96, 98, 99]
[90, 91, 93, 94, 95, 96, 97, 99]
[90, 92, 93, 94, 95, 96, 97, 98]
[90, 91, 92, 93, 96, 97, 98, 99]
[90, 91, 92, 94, 95, 97, 98, 99]
[90, 91, 93, 94, 95, 96, 98, 99]
[90, 92, 93, 94, 95, 96, 97, 99]
[91, 92, 93, 94, 95, 96, 97, 98]
[90, 91, 92, 94, 96, 97, 98, 99]
[90, 91, 93, 94, 95, 97, 98, 99]
[90, 92, 93, 94, 95, 96, 98, 99]
[91, 92, 93, 94, 95, 96, 97, 99]
[90, 91, 92, 95, 96, 97, 98, 99]
[90, 91, 93, 94, 96, 97, 98, 99]
[90, 92, 93, 94, 95, 97, 98, 99]
[91, 92, 93, 94, 95, 96, 98, 99]
[90, 91, 93, 95, 96, 97, 98, 99]
[90, 92, 93, 94, 96, 97, 98, 99]
[91, 92, 93, 94, 95, 97, 98, 99]
[90, 91, 94, 95, 96, 97, 98, 99]
[90, 92, 93, 95, 96, 97, 98, 99]
[91, 92, 93, 94, 96, 97, 98, 99]
[90, 92, 94, 95, 96, 97, 98, 99]
[91, 92, 93, 95, 96, 97, 98, 99]
[90, 93, 94, 95, 96, 97, 98, 99]
[91, 92, 94, 95, 96, 97, 98, 99]
[91, 93, 94, 95, 96, 97, 98, 99]
[92, 93, 94, 95, 96, 97, 98, 99]
[90, 91, 92, 93, 94, 95, 96, 97, 98]
[90, 91, 92, 93, 94, 95, 96, 97, 99]
[90, 91, 92, 93, 94, 95, 96, 98, 99]
[90, 91, 92, 93, 94, 95, 97, 98, 99]
[90, 91, 92, 93, 94, 96, 97, 98, 99]
[90, 91, 92, 93, 95, 96, 97, 98, 99]
[90, 91, 92, 94, 95, 96, 97, 98, 99]
[90, 91, 93, 94, 95, 96, 97, 98, 99]
[90, 92, 93, 94, 95, 96, 97, 98, 99]
[91, 92, 93, 94, 95, 96, 97, 98, 99]
[920]
[921]
[922]
[923]
[924]
[925]
[926]
[927]
[928]
[929]
[930]
[931]
[932]
[933]
[934]
[935]
[936]
[937]
[938]
[939]
[940]
[941]
[942]
[943]
[944]
[90, 91, 92, 93, 94, 95, 96, 97, 98, 99]
[945]
[946]
[947]
[948]
[949]
[950]
[951]
[952]
[953]
[954]
[955]
[956]
[957]
[958]
[959]
[960]
[961]
[962]
[963]
[964]
[965]
[966]
[967]
[968]
[969]
[970]
[971]
[972]
[973]
[974]
[975]
[976]
[977]
[978]
[979]
[980]
[981]
[982]
[983]
[984]
[985]
[986]
[987]
[988]
[989]
[990]
[991]
[992]
[993]
[994]
[995]
[996]
[997]
[998]
[999]
