1: bounded_subsets([1,2,3], 4):
[]
[1]
[2]
[1, 2]
[3]
[1, 3]
**************************************************************************
2: bounded_subsets(range(50,150), 103):
[]
[50]
[51]
[52]
[53]
[54]
[55]
[56]
[57]
[58]
[59]
[60]
[61]
[62]
[63]
[64]
[65]
[66]
[67]
[68]
[69]
[70]
[71]
[72]
[73]
[74]
[75]
[76]
[77]
[78]
[79]
[80]
[81]
[82]
[83]
[84]
[85]
[86]
[87]
[88]
[89]
[90]
[91]
[92]
[93]
[94]
[95]
[96]
[97]
[98]
[99]
[100]
[50, 51]
[101]
[50, 52]
[102]
[50, 53]
[51, 52]
[103]
**************************************************************************
3: zip(range(5), bounded_subsets(range(100), 1000000000000))
(0, [])
(1, [0])
(2, [0, 1])
(3, [1])
(4, [0, 2])
